[org/gnome/shell/extensions/search-light]
animation-speed=100.0
background-color=(0.11346667259931564, 0.15333333611488342, 0.14087499678134918, 0.78666669130325317)
blur-brightness=0.59999999999999998
blur-sigma=30.0
border-radius=2.6367713004484301
entry-font-size=0
monitor-count=3
preferred-monitor=0
scale-height=0.17000000000000001
scale-width=0.12
secondary-shortcut-search=['<Control><Alt>space']
shortcut-search=['<Shift><Control>a']