[org/gnome/shell/extensions/search-light]
animation-speed=100.0
background-color=(0.062577776610851288, 0.067525334656238556, 0.073333330452442169, 0.76999998092651367)
blur-brightness=0.59999999999999998
blur-sigma=30.0
border-radius=2.6367713004484301
entry-font-size=0
monitor-count=3
preferred-monitor=0
scale-height=0.17000000000000001
scale-width=0.12
text-color=(1.0, 1.0, 1.0, 1.0)
secondary-shortcut-search=['<Control><Alt>space']
shortcut-search=['<Shift><Control>a']
